1762711389454 0.00034 0
1762711391337 0.00069769 1
1762711393206 0.001053004 2
1762711395051 0.001405942 3
1762711396888 0.001756504 4
1762711398783 0.001967 5
1762711400646 0.0019604 6
1762711402452 0.0019538 7
1762711404284 0.0019472 8
1762711406095 0.0019406 9
1762711407898 0.001934 10
1762711409762 0.0019274000000000001 11
1762711411585 0.0019207999999999999 12
1762711413482 0.0019142 13
1762711415322 0.0019076 14
1762711417137 0.0019010000000000001 15
1762711418959 0.0018944 16
1762711420785 0.0018878000000000002 17
1762711422577 0.0018812 18
1762711424382 0.0018746000000000001 19
1762711426207 0.001868 20
1762711428051 0.0018614 21
1762711429888 0.0018548 22
1762711431766 0.0018482000000000001 23
1762711433659 0.0018416 24
1762711435465 0.001835 25
1762711437288 0.0018284 26
1762711439146 0.0018218000000000002 27
1762711440966 0.0018151999999999999 28
1762711442806 0.0018086 29
1762711444625 0.001802 30
1762711446483 0.0017954000000000002 31
1762711448303 0.0017888 32
1762711450217 0.0017822 33
1762711452040 0.0017756 34
1762711453835 0.001769 35
1762711455652 0.0017624 36
1762711457513 0.0017558 37
1762711459362 0.0017491999999999998 38
1762711461231 0.0017426 39
1762711463026 0.0017360000000000001 40
1762711464930 0.0017293999999999999 41
1762711466763 0.0017228 42
1762711468548 0.0017162 43
1762711470333 0.0017096 44
1762711472116 0.001703 45
1762711473910 0.0016964000000000003 46
1762711475699 0.0016898 47
1762711477492 0.0016832000000000001 48
1762711479271 0.0016766 49
1762711481047 0.0016700000000000003 50
1762711482830 0.0016634 51
1762711484614 0.0016568000000000002 52
1762711486497 0.0016502 53
1762711488263 0.0016436000000000003 54
1762711490044 0.001637 55
1762711491832 0.0016304000000000002 56
1762711493614 0.0016238000000000001 57
1762711495401 0.0016172 58
1762711497191 0.0016106 59
1762711499002 0.0016040000000000002 60
1762711500863 0.0015974 61
1762711502652 0.0015908 62
1762711504436 0.0015842 63
1762711506222 0.0015776 64
1762711508035 0.001571 65
1762711509828 0.0015644 66
1762711511635 0.0015577999999999998 67
1762711513435 0.0015512 68
1762711515223 0.0015446 69
1762711517018 0.0015379999999999999 70
1762711518820 0.0015313999999999998 71
1762711520600 0.0015248 72
1762711522496 0.0015181999999999997 73
1762711524264 0.0015115999999999999 74
1762711526045 0.0015049999999999998 75
1762711527830 0.0014984 76
1762711529624 0.0014918000000000004 77
1762711531406 0.0014852 78
1762711533230 0.0014786000000000003 79
1762711535009 0.0014720000000000002 80
1762711536817 0.0014654000000000002 81
1762711538623 0.0014588000000000001 82
1762711540402 0.0014522000000000003 83
1762711542204 0.0014456 84
1762711543998 0.0014390000000000002 85
1762711545790 0.0014324000000000001 86
1762711547582 0.0014258 87
1762711549368 0.0014192 88
1762711551162 0.0014126000000000002 89
1762711552946 0.001406 90
1762711554732 0.0013994 91
1762711556526 0.0013928 92
1762711558321 0.0013862 93
1762711560106 0.0013796 94
1762711562007 0.001373 95
1762711563799 0.0013663999999999998 96
1762711565629 0.0013598000000000002 97
1762711567428 0.0013532 98
1762711569231 0.0013465999999999999 99
1762711571015 0.00134 100
1762711572805 0.0013334 101
1762711574603 0.0013267999999999997 102
1762711576391 0.0013202 103
1762711578176 0.0013135999999999998 104
1762711579970 0.001307 105
1762711581757 0.0013004000000000002 106
1762711583550 0.0012938000000000001 107
1762711585337 0.0012872 108
1762711587142 0.0012806000000000002 109
1762711588928 0.001274 110
1762711590722 0.0012674000000000001 111
1762711592528 0.0012608 112
1762711594334 0.0012542 113
1762711596141 0.0012476 114
1762711598064 0.0012410000000000001 115
1762711599965 0.0012343999999999999 116
1762711601781 0.0012278 117
1762711603589 0.0012212000000000002 118
1762711605400 0.0012146 119
1762711607208 0.001208 120
1762711609021 0.0012014 121
1762711610866 0.0011948 122
1762711612724 0.0011882000000000002 123
1762711614570 0.0011816 124
1762711616424 0.0011749999999999998 125
1762711618278 0.0011684000000000002 126
1762711620139 0.0011618 127
1762711621976 0.0011551999999999999 128
1762711623822 0.0011486 129
1762711625622 0.001142 130
1762711627426 0.0011354 131
1762711629224 0.0011288000000000001 132
1762711631058 0.0011221999999999998 133
1762711632905 0.0011156 134
1762711634761 0.001109 135
1762711636555 0.0011024000000000001 136
1762711638451 0.0010958 137
1762711640233 0.0010892000000000002 138
1762711642034 0.0010826 139
1762711643812 0.0010760000000000001 140
1762711645618 0.0010694 141
1762711647419 0.0010628 142
1762711649222 0.0010562 143
1762711651019 0.0010496000000000001 144
1762711652812 0.0010429999999999999 145
1762711654600 0.0010364 146
1762711656427 0.0010298 147
1762711658218 0.0010232 148
1762711660012 0.0010166 149
1762711661790 0.00101 150
1762711663571 0.0010034 151
1762711665384 0.0009968 152
1762711667195 0.0009901999999999999 153
1762711668972 0.0009836 154
1762711670790 0.0009769999999999998 155
1762711672702 0.0009704 156
1762711674480 0.0009638 157
1762711676258 0.0009572000000000002 158
1762711678047 0.0009506 159
1762711679846 0.0009440000000000001 160
1762711681635 0.0009374000000000001 161
1762711683421 0.0009308 162
1762711685257 0.0009242 163
1762711687089 0.0009176000000000001 164
1762711688886 0.0009109999999999999 165
1762711690823 0.0009044 166
1762711692603 0.0008978 167
1762711694384 0.0008911999999999999 168
1762711696196 0.0008845999999999999 169
1762711697990 0.000878 170
1762711699850 0.0008714 171
1762711701681 0.0008647999999999999 172
1762711703486 0.0008582 173
1762711705296 0.0008516000000000001 174
1762711707128 0.0008449999999999999 175
1762711708928 0.0008384000000000001 176
1762711710851 0.0008318000000000002 177
1762711712656 0.0008252 178
1762711714454 0.0008186000000000001 179
1762711716252 0.0008120000000000001 180
1762711718068 0.0008054 181
1762711719872 0.0007988 182
1762711721677 0.0007922000000000001 183
1762711723484 0.0007856000000000001 184
1762711725311 0.000779 185
1762711727109 0.0007724 186
1762711728927 0.0007658000000000001 187
1762711730720 0.0007592 188
1762711732551 0.0007526000000000001 189
1762711734356 0.0007460000000000001 190
1762711736152 0.0007394 191
1762711737940 0.0007328 192
1762711739737 0.0007262000000000001 193
1762711741527 0.0007196000000000001 194
1762711743324 0.000713 195
1762711745109 0.0007064 196
1762711746905 0.0006998000000000001 197
1762711748684 0.0006931999999999999 198
1762711750477 0.0006866 199
1762711752359 0.00068 200
1762711754154 0.0006733999999999999 201
1762711755945 0.0006667999999999999 202
1762711757737 0.0006602000000000001 203
1762711759515 0.0006536 204
1762711761305 0.000647 205
1762711763099 0.0006404000000000001 206
1762711764923 0.0006338000000000001 207
1762711766752 0.0006272 208
1762711768542 0.0006206 209
1762711770322 0.0006140000000000001 210
1762711772114 0.0006073999999999999 211
1762711773915 0.0006008 212
1762711775696 0.0005942 213
1762711777483 0.0005875999999999999 214
1762711779283 0.0005809999999999999 215
1762711781075 0.0005744000000000001 216
1762711782869 0.0005677999999999999 217
1762711784648 0.0005612000000000001 218
1762711786442 0.0005546000000000001 219
1762711788322 0.0005480000000000002 220
1762711790114 0.0005414 221
1762711791912 0.0005348000000000001 222
1762711793710 0.0005282000000000002 223
1762711795515 0.0005216 224
1762711797347 0.000515 225
1762711799189 0.0005084000000000001 226
1762711800990 0.0005017999999999999 227
1762711802807 0.0004952 228
1762711804668 0.0004886000000000001 229
1762711806507 0.00048199999999999995 230
1762711808331 0.0004754 231
1762711810123 0.00046880000000000007 232
1762711811930 0.0004622000000000001 233
1762711813718 0.00045559999999999996 234
1762711815567 0.000449 235
1762711817378 0.0004424000000000001 236
1762711819208 0.00043579999999999997 237
1762711821020 0.0004292 238
1762711822846 0.0004226000000000001 239
1762711824663 0.0004159999999999999 240
1762711826498 0.0004094 241
1762711828429 0.00040280000000000003 242
1762711830252 0.00039619999999999987 243
1762711832094 0.0003896 244
1762711833926 0.0003830000000000001 245
1762711835826 0.00037640000000000015 246
1762711837715 0.0003698 247
1762711839613 0.00036320000000000005 248
1762711841478 0.0003566000000000001 249
1762711843309 0.00034999999999999994 250
1762711845156 0.0003434 251
1762711846978 0.0003368000000000001 252
1762711848824 0.00033019999999999995 253
1762711850629 0.0003236 254
1762711852447 0.00031700000000000006 255
1762711854258 0.0003103999999999999 256
1762711856101 0.00030379999999999996 257
1762711857917 0.0002972 258
1762711859733 0.0002906000000000001 259
1762711861544 0.00028399999999999996 260
1762711863344 0.0002774 261
1762711865319 0.0002708000000000001 262
1762711867228 0.0002641999999999999 263
1762711869044 0.00025760000000000003 264
1762711870873 0.0002510000000000001 265
1762711872671 0.0002443999999999999 266
1762711874509 0.00023779999999999995 267
1762711876325 0.0002312 268
1762711878122 0.00022460000000000012 269
1762711879930 0.00021799999999999996 270
1762711881747 0.00021140000000000002 271
1762711883552 0.0002048000000000001 272
1762711885372 0.00019819999999999994 273
1762711887184 0.0001916 274
1762711889011 0.00018500000000000005 275
1762711890832 0.00017839999999999992 276
1762711892642 0.00017179999999999997 277
1762711894468 0.00016520000000000006 278
1762711896302 0.00015859999999999987 279
1762711898214 0.00015199999999999998 280
1762711900028 0.00014540000000000004 281
1762711901842 0.0001388000000000001 282
1762711903757 0.00013219999999999996 283
1762711905566 0.00012560000000000002 284
1762711907388 0.0001190000000000001 285
1762711909198 0.00011239999999999994 286
1762711911024 0.00010580000000000001 287
1762711912829 9.920000000000008e-05 288
1762711914652 9.259999999999992e-05 289
1762711916873 8.599999999999999e-05 290
1762711918687 7.940000000000006e-05 291
1762711920490 7.279999999999991e-05 292
1762711922296 6.619999999999997e-05 293
1762711924074 5.9600000000000046e-05 294
1762711925867 5.30000000000001e-05 295
1762711927649 4.6399999999999956e-05 296
1762711929456 3.980000000000002e-05 297
1762711931275 3.320000000000008e-05 298
1762711933089 2.659999999999993e-05 299
