2 0.88203125 0.18671875 0.0421875 0.1015625
2 0.253125 0.26015625 0.0765625 0.16796875
2 0.1265625 0.28515625 0.0703125 0.15859375
2 0.54765625 0.290625 0.07109375 0.175
2 0.9625 0.3421875 0.05546875 0.140625
2 0.19453125 0.4109375 0.078125 0.1296875
2 0.8671875 0.41875 0.05390625 0.1
2 0.62734375 0.46796875 0.08046875 0.1421875
2 0.4421875 0.5515625 0.11015625 0.23046875
2 0.3375 0.52890625 0.08203125 0.1984375
2 0.19765625 0.58125 0.0765625 0.16953125
2 0.87578125 0.61875 0.09609375 0.25859375
2 0.60390625 0.64765625 0.10703125 0.20546875
2 0.69765625 0.146875 0.06015625 0.1328125
2 0.484375 0.26484375 0.05390625 0.12890625