2 0.32734375 0.190625 0.0640625 0.0890625
2 0.7515625 0.253125 0.08125 0.1109375
2 0.56953125 0.25546875 0.05859375 0.08984375
2 0.2640625 0.2703125 0.046875 0.0921875
2 0.925 0.29453125 0.08984375 0.10625
2 0.490625 0.33828125 0.1015625 0.13359375
2 0.31015625 0.03984375 0.053125 0.07265625
2 0.6796875 0.40234375 0.115625 0.18671875
2 0.22421875 0.45625 0.10078125 0.15703125
2 0.071875 0.46953125 0.11796875 0.1578125
2 0.821875 0.4734375 0.10078125 0.1671875
2 0.65 0.640625 0.1140625 0.17421875
2 0.3609375 0.621875 0.134375 0.18984375
2 0.14921875 0.0703125 0.05234375 0.11015625
2 0.978125 0.084375 0.04375 0.0859375
2 0.7578125 0.7671875 0.10859375 0.1953125
2 0.20859375 0.846875 0.1609375 0.24296875
2 0.7328125 0.10078125 0.08203125 0.0890625
2 0.62890625 0.1015625 0.08125 0.128125
2 0.23046875 0.10234375 0.07734375 0.13359375
2 0.08984375 0.12265625 0.06953125 0.11015625
2 0.86484375 0.12734375 0.04921875 0.1171875
2 0.43828125 0.13828125 0.059375 0.10234375