1762711389610 0.3356 0
1762711391467 0.18237 1
1762711393340 0.14881 2
1762711395194 0.11311 3
1762711397022 0.05064 4
1762711398938 0.04427 5
1762711400776 0.00443 6
1762711402576 0.02014 7
1762711404410 0.04058 8
1762711406226 0.17214 9
1762711408031 0.12035 10
1762711409884 0.09983 11
1762711411817 0.10277 12
1762711413603 0.11002 13
1762711415449 0.2748 14
1762711417271 0.37907 15
1762711419087 0.26448 16
1762711420914 0.39442 17
1762711422716 0.51486 18
1762711424508 0.37499 19
1762711426332 0.38683 20
1762711428176 0.31827 21
1762711430023 0.30465 22
1762711431934 0.49167 23
1762711433782 0.45138 24
1762711435586 0.32229 25
1762711437416 0.38988 26
1762711439269 0.35473 27
1762711441100 0.48967 28
1762711442945 0.59221 29
1762711444758 0.42367 30
1762711446609 0.18549 31
1762711448536 0.40092 32
1762711450344 0.39445 33
1762711452175 0.5081 34
1762711453958 0.50945 35
1762711455777 0.49898 36
1762711457640 0.50449 37
1762711459495 0.59344 38
1762711461369 0.62426 39
1762711463158 0.63193 40
1762711465098 0.59421 41
1762711466887 0.46994 42
1762711468679 0.61856 43
1762711470457 0.50463 44
1762711472247 0.52104 45
1762711474044 0.57463 46
1762711475837 0.65509 47
1762711477615 0.62224 48
1762711479396 0.64845 49
1762711481170 0.62783 50
1762711482962 0.59547 51
1762711484835 0.58419 52
1762711486618 0.56582 53
1762711488387 0.63777 54
1762711490174 0.52623 55
1762711491953 0.43329 56
1762711493749 0.6566 57
1762711495536 0.70547 58
1762711497328 0.73563 59
1762711499182 0.66982 60
1762711500995 0.62104 61
1762711502774 0.68192 62
1762711504566 0.65851 63
1762711506362 0.7912 64
1762711508173 0.7173 65
1762711509961 0.68624 66
1762711511764 0.63948 67
1762711513566 0.69547 68
1762711515356 0.67501 69
1762711517149 0.65411 70
1762711518944 0.76076 71
1762711520826 0.78124 72
1762711522617 0.70981 73
1762711524386 0.70024 74
1762711526175 0.64412 75
1762711527964 0.56979 76
1762711529754 0.60825 77
1762711531539 0.67653 78
1762711533353 0.61368 79
1762711535141 0.62897 80
1762711536949 0.63156 81
1762711538746 0.61046 82
1762711540533 0.69382 83
1762711542336 0.73592 84
1762711544129 0.67434 85
1762711545920 0.66209 86
1762711547715 0.73397 87
1762711549503 0.75612 88
1762711551294 0.76161 89
1762711553069 0.77098 90
1762711554864 0.68342 91
1762711556649 0.72264 92
1762711558451 0.7498 93
1762711560338 0.77562 94
1762711562143 0.72156 95
1762711563929 0.68445 96
1762711565768 0.76047 97
1762711567573 0.79208 98
1762711569365 0.71038 99
1762711571146 0.70261 100
1762711572948 0.68715 101
1762711574734 0.66235 102
1762711576522 0.64884 103
1762711578308 0.73576 104
1762711580101 0.6237 105
1762711581888 0.69768 106
1762711583683 0.71357 107
1762711585477 0.73684 108
1762711587278 0.71795 109
1762711589063 0.75108 110
1762711590852 0.77902 111
1762711592651 0.77343 112
1762711594456 0.71208 113
1762711596359 0.7304 114
1762711598244 0.7424 115
1762711600098 0.69499 116
1762711601904 0.70204 117
1762711603713 0.66743 118
1762711605522 0.71177 119
1762711607338 0.75104 120
1762711609158 0.76747 121
1762711610991 0.78606 122
1762711612849 0.76879 123
1762711614695 0.74578 124
1762711616561 0.74443 125
1762711618404 0.73011 126
1762711620264 0.78472 127
1762711622125 0.80556 128
1762711623954 0.78278 129
1762711625754 0.77796 130
1762711627550 0.77992 131
1762711629348 0.71721 132
1762711631183 0.7934 133
1762711633038 0.78913 134
1762711634890 0.77415 135
1762711636789 0.73904 136
1762711638573 0.79522 137
1762711640367 0.81509 138
1762711642154 0.76355 139
1762711643946 0.82062 140
1762711645754 0.79981 141
1762711647545 0.80554 142
1762711649355 0.81881 143
1762711651144 0.81463 144
1762711652933 0.80301 145
1762711654758 0.82883 146
1762711656550 0.79914 147
1762711658339 0.77085 148
1762711660133 0.76973 149
1762711661911 0.7682 150
1762711663695 0.76301 151
1762711665516 0.77805 152
1762711667318 0.78838 153
1762711669123 0.73066 154
1762711670941 0.77275 155
1762711672822 0.75666 156
1762711674601 0.79709 157
1762711676381 0.78212 158
1762711678193 0.78527 159
1762711679967 0.81285 160
1762711681759 0.77517 161
1762711683542 0.81654 162
1762711685421 0.85881 163
1762711687211 0.84992 164
1762711689035 0.84391 165
1762711690944 0.83563 166
1762711692726 0.81118 167
1762711694527 0.79304 168
1762711696318 0.79984 169
1762711698157 0.8248 170
1762711699974 0.77403 171
1762711701807 0.78486 172
1762711703616 0.76729 173
1762711705433 0.77845 174
1762711707251 0.81226 175
1762711709156 0.82974 176
1762711710973 0.8216 177
1762711712777 0.82317 178
1762711714578 0.79281 179
1762711716386 0.7797 180
1762711718198 0.78543 181
1762711720002 0.80468 182
1762711721805 0.82814 183
1762711723621 0.81167 184
1762711725440 0.81034 185
1762711727238 0.81489 186
1762711729053 0.83291 187
1762711730848 0.839 188
1762711732684 0.82257 189
1762711734487 0.83798 190
1762711736282 0.79643 191
1762711738072 0.81763 192
1762711739874 0.85183 193
1762711741659 0.85234 194
1762711743456 0.85611 195
1762711745241 0.84234 196
1762711747035 0.83834 197
1762711748816 0.81629 198
1762711750704 0.82881 199
1762711752490 0.84052 200
1762711754285 0.793 201
1762711756076 0.76337 202
1762711757862 0.80286 203
1762711759645 0.82153 204
1762711761444 0.86183 205
1762711763229 0.84271 206
1762711765091 0.84707 207
1762711766882 0.86091 208
1762711768669 0.87394 209
1762711770454 0.84493 210
1762711772247 0.83928 211
1762711774038 0.82363 212
1762711775829 0.83969 213
1762711777612 0.82159 214
1762711779412 0.81881 215
1762711781206 0.82216 216
1762711782994 0.79316 217
1762711784780 0.81283 218
1762711786669 0.84766 219
1762711788453 0.84211 220
1762711790248 0.85083 221
1762711792052 0.84575 222
1762711793839 0.83491 223
1762711795649 0.84005 224
1762711797472 0.83143 225
1762711799310 0.85244 226
1762711801118 0.86069 227
1762711802931 0.85269 228
1762711804803 0.86739 229
1762711806644 0.87759 230
1762711808461 0.83515 231
1762711810254 0.83222 232
1762711812062 0.82695 233
1762711813850 0.83822 234
1762711815696 0.82558 235
1762711817515 0.8276 236
1762711819333 0.86094 237
1762711821152 0.83419 238
1762711822980 0.85321 239
1762711824797 0.84354 240
1762711826740 0.84152 241
1762711828554 0.84112 242
1762711830374 0.85202 243
1762711832225 0.8489 244
1762711834062 0.83477 245
1762711835953 0.83735 246
1762711837861 0.83518 247
1762711839739 0.84056 248
1762711841603 0.86033 249
1762711843440 0.85071 250
1762711845302 0.84777 251
1762711847124 0.85718 252
1762711848968 0.84715 253
1762711850779 0.8458 254
1762711852599 0.83144 255
1762711854407 0.84006 256
1762711856247 0.84604 257
1762711858071 0.82851 258
1762711859880 0.83335 259
1762711861664 0.82542 260
1762711863594 0.83864 261
1762711865484 0.85157 262
1762711867376 0.83614 263
1762711869190 0.86487 264
1762711871001 0.85946 265
1762711872824 0.8474 266
1762711874658 0.86325 267
1762711876448 0.85213 268
1762711878269 0.83796 269
1762711880078 0.83849 270
1762711881896 0.85311 271
1762711883702 0.87347 272
1762711885520 0.85206 273
1762711887334 0.8539 274
1762711889161 0.85805 275
1762711890969 0.85196 276
1762711892790 0.85348 277
1762711894594 0.86608 278
1762711896453 0.86443 279
1762711898350 0.86781 280
1762711900177 0.86079 281
1762711902091 0.85369 282
1762711903904 0.84927 283
1762711905718 0.85837 284
1762711907533 0.87709 285
1762711909346 0.86343 286
1762711911171 0.86355 287
1762711912979 0.86557 288
1762711914782 0.86842 289
1762711917028 0.86427 290
1762711918837 0.85042 291
1762711920638 0.84795 292
1762711922426 0.84726 293
1762711924208 0.86017 294
1762711925998 0.8678 295
1762711927773 0.87617 296
1762711929578 0.87234 297
1762711931408 0.86532 298
1762711933225 0.8655 299
1762711934374 0.8049827004988213 299
