1762711389610 0.54555 0
1762711391467 0.37991 1
1762711393340 0.44244 2
1762711395194 0.31551 3
1762711397022 0.23992 4
1762711398938 0.1724 5
1762711400776 0.01892 6
1762711402576 0.07163 7
1762711404410 0.13977 8
1762711406226 0.51701 9
1762711408031 0.3873 10
1762711409884 0.32716 11
1762711411817 0.30804 12
1762711413603 0.27903 13
1762711415449 0.61459 14
1762711417271 0.66442 15
1762711419087 0.62677 16
1762711420914 0.68296 17
1762711422716 0.83554 18
1762711424508 0.70203 19
1762711426332 0.66062 20
1762711428176 0.56529 21
1762711430023 0.69284 22
1762711431934 0.85794 23
1762711433782 0.84846 24
1762711435586 0.69122 25
1762711437416 0.7031 26
1762711439269 0.72862 27
1762711441100 0.749 28
1762711442945 0.89591 29
1762711444758 0.80326 30
1762711446609 0.46029 31
1762711448536 0.76778 32
1762711450344 0.69041 33
1762711452175 0.78196 34
1762711453958 0.812 35
1762711455777 0.76215 36
1762711457640 0.92975 37
1762711459495 0.86732 38
1762711461369 0.88243 39
1762711463158 0.93577 40
1762711465098 0.90662 41
1762711466887 0.75337 42
1762711468679 0.92463 43
1762711470457 0.80036 44
1762711472247 0.77789 45
1762711474044 0.89826 46
1762711475837 0.95908 47
1762711477615 0.95422 48
1762711479396 0.95065 49
1762711481170 0.91361 50
1762711482962 0.9457 51
1762711484835 0.9666 52
1762711486618 0.73642 53
1762711488387 0.94234 54
1762711490174 0.91741 55
1762711491953 0.76439 56
1762711493749 0.92209 57
1762711495536 0.995 58
1762711497328 0.95341 59
1762711499182 0.96611 60
1762711500995 0.89216 61
1762711502774 0.96091 62
1762711504566 0.995 63
1762711506362 0.98165 64
1762711508173 0.93969 65
1762711509961 0.96399 66
1762711511764 0.98633 67
1762711513566 0.98306 68
1762711515356 0.95042 69
1762711517149 0.98393 70
1762711518944 0.99167 71
1762711520826 0.99333 72
1762711522617 0.94863 73
1762711524386 0.9541 74
1762711526175 0.94092 75
1762711527964 0.94598 76
1762711529754 0.91931 77
1762711531539 0.995 78
1762711533353 0.94938 79
1762711535141 0.98625 80
1762711536949 0.92121 81
1762711538746 0.94796 82
1762711540533 0.98865 83
1762711542336 0.98342 84
1762711544129 0.98394 85
1762711545920 0.96789 86
1762711547715 0.97983 87
1762711549503 0.97538 88
1762711551294 0.98294 89
1762711553069 0.99333 90
1762711554864 0.98288 91
1762711556649 0.96932 92
1762711558451 0.99333 93
1762711560338 0.99333 94
1762711562143 0.96108 95
1762711563929 0.98625 96
1762711565768 0.9886 97
1762711567573 0.99038 98
1762711569365 0.94318 99
1762711571146 0.96763 100
1762711572948 0.98633 101
1762711574734 0.94045 102
1762711576522 0.87552 103
1762711578308 0.94522 104
1762711580101 0.88677 105
1762711581888 0.94263 106
1762711583683 0.97208 107
1762711585477 0.98625 108
1762711587278 0.96839 109
1762711589063 0.9549 110
1762711590852 0.97003 111
1762711592651 0.98082 112
1762711594456 0.96012 113
1762711596359 0.96387 114
1762711598244 0.9918 115
1762711600098 0.96977 116
1762711601904 0.9624 117
1762711603713 0.94118 118
1762711605522 0.95765 119
1762711607338 0.96268 120
1762711609158 0.99006 121
1762711610991 0.995 122
1762711612849 0.96532 123
1762711614695 0.93384 124
1762711616561 0.97436 125
1762711618404 0.98342 126
1762711620264 0.97481 127
1762711622125 0.9793 128
1762711623954 0.98036 129
1762711625754 0.96993 130
1762711627550 0.98082 131
1762711629348 0.93318 132
1762711631183 0.97436 133
1762711633038 0.99167 134
1762711634890 0.98142 135
1762711636789 0.95614 136
1762711638573 0.99006 137
1762711640367 0.9825 138
1762711642154 0.96386 139
1762711643946 0.995 140
1762711645754 0.995 141
1762711647545 0.98082 142
1762711649355 0.995 143
1762711651144 0.995 144
1762711652933 0.99333 145
1762711654758 0.99038 146
1762711656550 0.97085 147
1762711658339 0.95056 148
1762711660133 0.95127 149
1762711661911 0.995 150
1762711663695 0.99333 151
1762711665516 0.98375 152
1762711667318 0.99167 153
1762711669123 0.995 154
1762711670941 0.995 155
1762711672822 0.99333 156
1762711674601 0.99333 157
1762711676381 0.995 158
1762711678193 0.9918 159
1762711679967 0.99167 160
1762711681759 0.94491 161
1762711683542 0.98417 162
1762711685421 0.995 163
1762711687211 0.99333 164
1762711689035 0.99167 165
1762711690944 0.995 166
1762711692726 0.995 167
1762711694527 0.995 168
1762711696318 0.995 169
1762711698157 0.995 170
1762711699974 0.995 171
1762711701807 0.995 172
1762711703616 0.98958 173
1762711705433 0.995 174
1762711707251 0.995 175
1762711709156 0.995 176
1762711710973 0.995 177
1762711712777 0.995 178
1762711714578 0.995 179
1762711716386 0.995 180
1762711718198 0.995 181
1762711720002 0.995 182
1762711721805 0.98792 183
1762711723621 0.995 184
1762711725440 0.995 185
1762711727238 0.995 186
1762711729053 0.995 187
1762711730848 0.995 188
1762711732684 0.995 189
1762711734487 0.98792 190
1762711736282 0.995 191
1762711738072 0.99167 192
1762711739874 0.99167 193
1762711741659 0.995 194
1762711743456 0.9846 195
1762711745241 0.99167 196
1762711747035 0.99333 197
1762711748816 0.995 198
1762711750704 0.995 199
1762711752490 0.995 200
1762711754285 0.99167 201
1762711756076 0.98865 202
1762711757862 0.99006 203
1762711759645 0.995 204
1762711761444 0.995 205
1762711763229 0.995 206
1762711765091 0.995 207
1762711766882 0.995 208
1762711768669 0.995 209
1762711770454 0.995 210
1762711772247 0.995 211
1762711774038 0.995 212
1762711775829 0.995 213
1762711777612 0.995 214
1762711779412 0.995 215
1762711781206 0.98792 216
1762711782994 0.995 217
1762711784780 0.995 218
1762711786669 0.995 219
1762711788453 0.995 220
1762711790248 0.995 221
1762711792052 0.995 222
1762711793839 0.995 223
1762711795649 0.99333 224
1762711797472 0.995 225
1762711799310 0.995 226
1762711801118 0.995 227
1762711802931 0.995 228
1762711804803 0.995 229
1762711806644 0.995 230
1762711808461 0.995 231
1762711810254 0.995 232
1762711812062 0.995 233
1762711813850 0.995 234
1762711815696 0.99333 235
1762711817515 0.99333 236
1762711819333 0.995 237
1762711821152 0.995 238
1762711822980 0.995 239
1762711824797 0.995 240
1762711826740 0.995 241
1762711828554 0.995 242
1762711830374 0.99167 243
1762711832225 0.99167 244
1762711834062 0.995 245
1762711835953 0.995 246
1762711837861 0.995 247
1762711839739 0.995 248
1762711841603 0.995 249
1762711843440 0.995 250
1762711845302 0.99333 251
1762711847124 0.995 252
1762711848968 0.995 253
1762711850779 0.995 254
1762711852599 0.995 255
1762711854407 0.995 256
1762711856247 0.995 257
1762711858071 0.995 258
1762711859880 0.995 259
1762711861664 0.99333 260
1762711863594 0.995 261
1762711865484 0.995 262
1762711867376 0.995 263
1762711869190 0.995 264
1762711871001 0.995 265
1762711872824 0.995 266
1762711874658 0.995 267
1762711876448 0.995 268
1762711878269 0.995 269
1762711880078 0.995 270
1762711881896 0.995 271
1762711883702 0.995 272
1762711885520 0.995 273
1762711887334 0.995 274
1762711889161 0.995 275
1762711890969 0.995 276
1762711892790 0.995 277
1762711894594 0.995 278
1762711896453 0.995 279
1762711898350 0.995 280
1762711900177 0.995 281
1762711902091 0.995 282
1762711903904 0.995 283
1762711905718 0.995 284
1762711907533 0.995 285
1762711909346 0.995 286
1762711911171 0.995 287
1762711912979 0.995 288
1762711914782 0.995 289
1762711917028 0.995 290
1762711918837 0.995 291
1762711920638 0.995 292
1762711922426 0.995 293
1762711924208 0.995 294
1762711925998 0.995 295
1762711927773 0.995 296
1762711929578 0.995 297
1762711931408 0.995 298
1762711933225 0.995 299
1762711934374 0.9918 299
