1762711389610 0.00383 0
1762711391467 0.12563 1
1762711393340 0.58573 2
1762711395194 0.23656 3
1762711397022 0.28567 4
1762711398938 0.19447 5
1762711400776 0.03595 6
1762711402576 0.13156 7
1762711404410 0.16379 8
1762711406226 0.51498 9
1762711408031 0.2852 10
1762711409884 0.31125 11
1762711411817 0.39156 12
1762711413603 0.50319 13
1762711415449 0.59537 14
1762711417271 0.66044 15
1762711419087 0.58149 16
1762711420914 0.6849 17
1762711422716 0.90439 18
1762711424508 0.68234 19
1762711426332 0.73781 20
1762711428176 0.56021 21
1762711430023 0.79318 22
1762711431934 0.68042 23
1762711433782 0.69332 24
1762711435586 0.54104 25
1762711437416 0.68592 26
1762711439269 0.69761 27
1762711441100 0.61109 28
1762711442945 0.71877 29
1762711444758 0.69193 30
1762711446609 0.42184 31
1762711448536 0.5265 32
1762711450344 0.75282 33
1762711452175 0.82382 34
1762711453958 0.65365 35
1762711455777 0.67514 36
1762711457640 0.79191 37
1762711459495 0.79143 38
1762711461369 0.76607 39
1762711463158 0.85585 40
1762711465098 0.92665 41
1762711466887 0.76783 42
1762711468679 0.77593 43
1762711470457 0.74619 44
1762711472247 0.70208 45
1762711474044 0.77218 46
1762711475837 0.9933 47
1762711477615 0.91215 48
1762711479396 0.89823 49
1762711481170 0.7555 50
1762711482962 0.85096 51
1762711484835 0.87458 52
1762711486618 0.54514 53
1762711488387 0.85167 54
1762711490174 0.89795 55
1762711491953 0.68303 56
1762711493749 0.74652 57
1762711495536 0.97289 58
1762711497328 0.83853 59
1762711499182 0.95087 60
1762711500995 0.85884 61
1762711502774 0.87669 62
1762711504566 1.0 63
1762711506362 0.84853 64
1762711508173 0.94996 65
1762711509961 0.86069 66
1762711511764 0.88544 67
1762711513566 0.95728 68
1762711515356 0.90951 69
1762711517149 0.97081 70
1762711518944 0.95818 71
1762711520826 0.9444 72
1762711522617 0.81833 73
1762711524386 0.954 74
1762711526175 0.79241 75
1762711527964 0.87237 76
1762711529754 0.86773 77
1762711531539 0.95829 78
1762711533353 0.88307 79
1762711535141 0.95829 80
1762711536949 0.83703 81
1762711538746 0.88979 82
1762711540533 0.95292 83
1762711542336 0.92739 84
1762711544129 0.90991 85
1762711545920 0.91647 86
1762711547715 0.90729 87
1762711549503 0.91558 88
1762711551294 1.0 89
1762711553069 0.99351 90
1762711554864 0.98042 91
1762711556649 0.88429 92
1762711558451 0.99506 93
1762711560338 0.95798 94
1762711562143 0.9082 95
1762711563929 0.95772 96
1762711565768 0.91908 97
1762711567573 0.98011 98
1762711569365 0.86593 99
1762711571146 0.8444 100
1762711572948 0.91079 101
1762711574734 0.93412 102
1762711576522 0.75826 103
1762711578308 0.90986 104
1762711580101 0.86756 105
1762711581888 0.93527 106
1762711583683 0.94035 107
1762711585477 0.9465 108
1762711587278 0.92752 109
1762711589063 0.94645 110
1762711590852 0.98161 111
1762711592651 0.95645 112
1762711594456 0.93235 113
1762711596359 0.86146 114
1762711598244 0.98391 115
1762711600098 0.94295 116
1762711601904 0.91163 117
1762711603713 0.82679 118
1762711605522 0.87443 119
1762711607338 0.956 120
1762711609158 0.94995 121
1762711610991 1.0 122
1762711612849 0.95391 123
1762711614695 0.87079 124
1762711616561 0.90651 125
1762711618404 0.94055 126
1762711620264 0.95628 127
1762711622125 0.91276 128
1762711623954 0.89958 129
1762711625754 0.89373 130
1762711627550 0.88241 131
1762711629348 0.86785 132
1762711631183 0.9351 133
1762711633038 0.958 134
1762711634890 0.87836 135
1762711636789 0.91072 136
1762711638573 0.91603 137
1762711640367 0.95805 138
1762711642154 0.87851 139
1762711643946 1.0 140
1762711645754 0.99417 141
1762711647545 0.94263 142
1762711649355 1.0 143
1762711651144 1.0 144
1762711652933 0.95815 145
1762711654758 0.95285 146
1762711656550 0.87138 147
1762711658339 0.94735 148
1762711660133 0.90422 149
1762711661911 1.0 150
1762711663695 0.95332 151
1762711665516 1.0 152
1762711667318 0.95364 153
1762711669123 1.0 154
1762711670941 1.0 155
1762711672822 0.95594 156
1762711674601 0.95716 157
1762711676381 0.95644 158
1762711678193 0.99555 159
1762711679967 0.9582 160
1762711681759 0.91537 161
1762711683542 0.94796 162
1762711685421 0.99176 163
1762711687211 0.95828 164
1762711689035 0.95245 165
1762711690944 0.98908 166
1762711692726 0.99147 167
1762711694527 0.99798 168
1762711696318 0.99705 169
1762711698157 0.99602 170
1762711699974 0.99531 171
1762711701807 0.93549 172
1762711703616 0.95832 173
1762711705433 0.99617 174
1762711707251 0.99233 175
1762711709156 0.95753 176
1762711710973 0.98445 177
1762711712777 0.9946 178
1762711714578 0.95625 179
1762711716386 0.99341 180
1762711718198 0.98987 181
1762711720002 0.99187 182
1762711721805 0.95269 183
1762711723621 0.99808 184
1762711725440 1.0 185
1762711727238 0.99547 186
1762711729053 0.9971 187
1762711730848 0.99686 188
1762711732684 1.0 189
1762711734487 0.95522 190
1762711736282 0.99615 191
1762711738072 0.95377 192
1762711739874 0.95249 193
1762711741659 0.97013 194
1762711743456 0.91648 195
1762711745241 0.95447 196
1762711747035 0.95147 197
1762711748816 0.98231 198
1762711750704 0.99687 199
1762711752490 0.99853 200
1762711754285 0.9576 201
1762711756076 0.95624 202
1762711757862 0.91693 203
1762711759645 0.9905 204
1762711761444 0.99699 205
1762711763229 0.9956 206
1762711765091 0.99507 207
1762711766882 0.99707 208
1762711768669 0.99293 209
1762711770454 0.97738 210
1762711772247 0.98449 211
1762711774038 0.99562 212
1762711775829 0.99711 213
1762711777612 0.99705 214
1762711779412 0.99387 215
1762711781206 0.95551 216
1762711782994 0.98386 217
1762711784780 0.99713 218
1762711786669 0.99973 219
1762711788453 0.99957 220
1762711790248 0.99809 221
1762711792052 0.99733 222
1762711793839 1.0 223
1762711795649 0.95824 224
1762711797472 1.0 225
1762711799310 0.99776 226
1762711801118 0.99766 227
1762711802931 0.99708 228
1762711804803 0.99727 229
1762711806644 0.99741 230
1762711808461 0.99728 231
1762711810254 0.99716 232
1762711812062 0.997 233
1762711813850 0.99735 234
1762711815696 0.95652 235
1762711817515 0.95691 236
1762711819333 0.99688 237
1762711821152 0.99707 238
1762711822980 1.0 239
1762711824797 0.98597 240
1762711826740 0.96902 241
1762711828554 0.95716 242
1762711830374 0.95335 243
1762711832225 0.9559 244
1762711834062 0.98049 245
1762711835953 0.99752 246
1762711837861 0.99754 247
1762711839739 0.99343 248
1762711841603 0.98005 249
1762711843440 0.95811 250
1762711845302 0.95569 251
1762711847124 0.98376 252
1762711848968 0.99713 253
1762711850779 0.99696 254
1762711852599 0.95687 255
1762711854407 0.96938 256
1762711856247 0.97056 257
1762711858071 0.99713 258
1762711859880 0.99197 259
1762711861664 0.95588 260
1762711863594 0.98992 261
1762711865484 0.99215 262
1762711867376 0.99056 263
1762711869190 0.99297 264
1762711871001 0.98939 265
1762711872824 0.98286 266
1762711874658 0.98205 267
1762711876448 0.97843 268
1762711878269 0.9714 269
1762711880078 0.99678 270
1762711881896 0.99535 271
1762711883702 0.99251 272
1762711885520 0.99135 273
1762711887334 0.99225 274
1762711889161 0.97653 275
1762711890969 0.97297 276
1762711892790 0.9717 277
1762711894594 0.97247 278
1762711896453 0.9771 279
1762711898350 0.97274 280
1762711900177 0.97342 281
1762711902091 0.98035 282
1762711903904 0.99373 283
1762711905718 0.99049 284
1762711907533 0.9744 285
1762711909346 0.99242 286
1762711911171 0.99492 287
1762711912979 0.99606 288
1762711914782 0.99618 289
1762711917028 0.99602 290
1762711918837 0.99529 291
1762711920638 0.98156 292
1762711922426 0.97493 293
1762711924208 0.95806 294
1762711925998 0.97835 295
1762711927773 0.98121 296
1762711929578 0.99269 297
1762711931408 0.99352 298
1762711933225 0.98877 299
1762711934374 1.0 299
