1762711389610 1.0 0
1762711391467 0.73913 1
1762711393340 0.34783 2
1762711395194 0.3913 3
1762711397022 0.43478 4
1762711398938 0.23126 5
1762711400776 0.21739 6
1762711402576 0.08696 7
1762711404410 0.13043 8
1762711406226 0.56522 9
1762711408031 0.47826 10
1762711409884 0.56522 11
1762711411817 0.39174 12
1762711413603 0.30435 13
1762711415449 0.56522 14
1762711417271 0.67696 15
1762711419087 0.52174 16
1762711420914 0.65217 17
1762711422716 0.82269 18
1762711424508 0.65217 19
1762711426332 0.47826 20
1762711428176 0.6087 21
1762711430023 0.56522 22
1762711431934 0.83332 23
1762711433782 0.78261 24
1762711435586 0.73913 25
1762711437416 0.65217 26
1762711439269 0.69565 27
1762711441100 0.73913 28
1762711442945 0.91304 29
1762711444758 0.82609 30
1762711446609 0.63476 31
1762711448536 0.82609 32
1762711450344 0.6087 33
1762711452175 0.65217 34
1762711453958 0.82609 35
1762711455777 0.73913 36
1762711457640 0.99297 37
1762711459495 0.99015 38
1762711461369 0.85468 39
1762711463158 0.82609 40
1762711465098 0.78261 41
1762711466887 0.6087 42
1762711468679 0.95652 43
1762711470457 0.78261 44
1762711472247 0.81988 45
1762711474044 0.88458 46
1762711475837 0.91304 47
1762711477615 0.90321 48
1762711479396 0.95652 49
1762711481170 1.0 50
1762711482962 0.91304 51
1762711484835 0.95652 52
1762711486618 0.86957 53
1762711488387 0.91304 54
1762711490174 0.82609 55
1762711491953 0.82609 56
1762711493749 0.91304 57
1762711495536 1.0 58
1762711497328 1.0 59
1762711499182 0.84196 60
1762711500995 0.91304 61
1762711502774 1.0 62
1762711504566 0.98917 63
1762711506362 1.0 64
1762711508173 0.82541 65
1762711509961 0.95652 66
1762711511764 1.0 67
1762711513566 0.91304 68
1762711515356 0.95652 69
1762711517149 0.91304 70
1762711518944 0.99643 71
1762711520826 1.0 72
1762711522617 1.0 73
1762711524386 0.90209 74
1762711526175 1.0 75
1762711527964 1.0 76
1762711529754 0.91304 77
1762711531539 1.0 78
1762711533353 0.98544 79
1762711535141 0.99896 80
1762711536949 0.89364 81
1762711538746 0.91304 82
1762711540533 0.95652 83
1762711542336 0.95652 84
1762711544129 0.95652 85
1762711545920 0.95416 86
1762711547715 0.95652 87
1762711549503 0.95652 88
1762711551294 0.91066 89
1762711553069 0.95652 90
1762711554864 0.95652 91
1762711556649 0.99692 92
1762711558451 0.95652 93
1762711560338 1.0 94
1762711562143 0.91304 95
1762711563929 0.98527 96
1762711565768 0.98796 97
1762711567573 0.95652 98
1762711569365 0.95652 99
1762711571146 0.9441 100
1762711572948 1.0 101
1762711574734 0.86957 102
1762711576522 0.95469 103
1762711578308 0.91304 104
1762711580101 0.82609 105
1762711581888 0.86957 106
1762711583683 0.91304 107
1762711585477 1.0 108
1762711587278 0.86957 109
1762711589063 0.86957 110
1762711590852 0.91304 111
1762711592651 0.9549 112
1762711594456 0.86957 113
1762711596359 0.91304 114
1762711598244 0.95652 115
1762711600098 0.95652 116
1762711601904 0.89745 117
1762711603713 0.91304 118
1762711605522 0.95652 119
1762711607338 0.94511 120
1762711609158 0.95652 121
1762711610991 0.99133 122
1762711612849 0.90037 123
1762711614695 0.91304 124
1762711616561 0.95652 125
1762711618404 0.95652 126
1762711620264 0.95122 127
1762711622125 0.95652 128
1762711623954 0.95652 129
1762711625754 0.95652 130
1762711627550 0.95652 131
1762711629348 0.91304 132
1762711631183 0.95652 133
1762711633038 0.9921 134
1762711634890 1.0 135
1762711636789 0.95652 136
1762711638573 1.0 137
1762711640367 0.99326 138
1762711642154 1.0 139
1762711643946 0.95131 140
1762711645754 1.0 141
1762711647545 0.95652 142
1762711649355 0.98811 143
1762711651144 0.9796 144
1762711652933 0.99559 145
1762711654758 0.95652 146
1762711656550 0.91304 147
1762711658339 0.78226 148
1762711660133 0.91304 149
1762711661911 0.98666 150
1762711663695 1.0 151
1762711665516 0.9492 152
1762711667318 1.0 153
1762711669123 0.9867 154
1762711670941 0.98238 155
1762711672822 1.0 156
1762711674601 0.97178 157
1762711676381 1.0 158
1762711678193 0.95652 159
1762711679967 0.99676 160
1762711681759 0.94102 161
1762711683542 1.0 162
1762711685421 1.0 163
1762711687211 0.99881 164
1762711689035 1.0 165
1762711690944 1.0 166
1762711692726 1.0 167
1762711694527 1.0 168
1762711696318 1.0 169
1762711698157 1.0 170
1762711699974 1.0 171
1762711701807 1.0 172
1762711703616 0.99963 173
1762711705433 1.0 174
1762711707251 1.0 175
1762711709156 1.0 176
1762711710973 1.0 177
1762711712777 1.0 178
1762711714578 1.0 179
1762711716386 1.0 180
1762711718198 1.0 181
1762711720002 1.0 182
1762711721805 1.0 183
1762711723621 1.0 184
1762711725440 0.98804 185
1762711727238 1.0 186
1762711729053 1.0 187
1762711730848 1.0 188
1762711732684 0.99911 189
1762711734487 1.0 190
1762711736282 1.0 191
1762711738072 1.0 192
1762711739874 1.0 193
1762711741659 1.0 194
1762711743456 1.0 195
1762711745241 1.0 196
1762711747035 1.0 197
1762711748816 1.0 198
1762711750704 1.0 199
1762711752490 1.0 200
1762711754285 0.98229 201
1762711756076 0.95036 202
1762711757862 1.0 203
1762711759645 1.0 204
1762711761444 1.0 205
1762711763229 1.0 206
1762711765091 1.0 207
1762711766882 1.0 208
1762711768669 1.0 209
1762711770454 1.0 210
1762711772247 1.0 211
1762711774038 1.0 212
1762711775829 1.0 213
1762711777612 1.0 214
1762711779412 1.0 215
1762711781206 1.0 216
1762711782994 1.0 217
1762711784780 1.0 218
1762711786669 1.0 219
1762711788453 1.0 220
1762711790248 1.0 221
1762711792052 1.0 222
1762711793839 0.99479 223
1762711795649 0.99764 224
1762711797472 0.99992 225
1762711799310 1.0 226
1762711801118 1.0 227
1762711802931 1.0 228
1762711804803 1.0 229
1762711806644 1.0 230
1762711808461 1.0 231
1762711810254 1.0 232
1762711812062 1.0 233
1762711813850 1.0 234
1762711815696 1.0 235
1762711817515 1.0 236
1762711819333 1.0 237
1762711821152 1.0 238
1762711822980 0.9761 239
1762711824797 1.0 240
1762711826740 1.0 241
1762711828554 1.0 242
1762711830374 1.0 243
1762711832225 1.0 244
1762711834062 1.0 245
1762711835953 1.0 246
1762711837861 1.0 247
1762711839739 1.0 248
1762711841603 1.0 249
1762711843440 1.0 250
1762711845302 1.0 251
1762711847124 1.0 252
1762711848968 1.0 253
1762711850779 1.0 254
1762711852599 1.0 255
1762711854407 1.0 256
1762711856247 1.0 257
1762711858071 1.0 258
1762711859880 1.0 259
1762711861664 1.0 260
1762711863594 1.0 261
1762711865484 1.0 262
1762711867376 1.0 263
1762711869190 1.0 264
1762711871001 1.0 265
1762711872824 1.0 266
1762711874658 1.0 267
1762711876448 1.0 268
1762711878269 1.0 269
1762711880078 1.0 270
1762711881896 1.0 271
1762711883702 1.0 272
1762711885520 1.0 273
1762711887334 1.0 274
1762711889161 1.0 275
1762711890969 1.0 276
1762711892790 1.0 277
1762711894594 1.0 278
1762711896453 1.0 279
1762711898350 1.0 280
1762711900177 1.0 281
1762711902091 1.0 282
1762711903904 1.0 283
1762711905718 1.0 284
1762711907533 1.0 285
1762711909346 1.0 286
1762711911171 1.0 287
1762711912979 1.0 288
1762711914782 1.0 289
1762711917028 1.0 290
1762711918837 1.0 291
1762711920638 1.0 292
1762711922426 1.0 293
1762711924208 1.0 294
1762711925998 1.0 295
1762711927773 1.0 296
1762711929578 1.0 297
1762711931408 1.0 298
1762711933225 1.0 299
1762711934374 0.9515778602246605 299
