1762711389454 1.47162 0
1762711391337 1.28664 1
1762711393206 1.36259 2
1762711395051 1.37799 3
1762711396888 1.4526 4
1762711398783 1.50935 5
1762711400646 1.51766 6
1762711402452 1.52469 7
1762711404284 1.53251 8
1762711406095 1.44779 9
1762711407898 1.41465 10
1762711409762 1.38759 11
1762711411585 1.54975 12
1762711413482 1.45271 13
1762711415322 1.41686 14
1762711417137 1.3702 15
1762711418959 1.38141 16
1762711420785 1.38611 17
1762711422577 1.29337 18
1762711424382 1.28736 19
1762711426207 1.25226 20
1762711428051 1.24349 21
1762711429888 1.226 22
1762711431766 1.27696 23
1762711433659 1.22485 24
1762711435465 1.21663 25
1762711437288 1.20814 26
1762711439146 1.20344 27
1762711440966 1.13585 28
1762711442806 1.12378 29
1762711444625 1.12137 30
1762711446483 1.21423 31
1762711448303 1.1677 32
1762711450217 1.08621 33
1762711452040 1.13285 34
1762711453835 1.11266 35
1762711455652 1.13238 36
1762711457513 1.12802 37
1762711459362 1.08203 38
1762711461231 1.08903 39
1762711463026 1.06785 40
1762711464930 0.98209 41
1762711466763 1.06878 42
1762711468548 1.0754 43
1762711470333 0.99229 44
1762711472116 0.9952 45
1762711473910 0.97793 46
1762711475699 0.96631 47
1762711477492 1.0621 48
1762711479271 0.97237 49
1762711481047 0.9529 50
1762711482830 0.98514 51
1762711484614 0.98021 52
1762711486497 0.94871 53
1762711488263 0.92723 54
1762711490044 0.96558 55
1762711491832 0.94343 56
1762711493614 0.91603 57
1762711495401 0.94259 58
1762711497191 0.95102 59
1762711499002 0.90327 60
1762711500863 0.95288 61
1762711502652 0.88849 62
1762711504436 0.89926 63
1762711506222 0.9267 64
1762711508035 0.93698 65
1762711509828 0.84281 66
1762711511635 0.88067 67
1762711513435 0.94424 68
1762711515223 0.85924 69
1762711517018 0.8699 70
1762711518820 0.89079 71
1762711520600 0.85655 72
1762711522496 0.90062 73
1762711524264 0.84836 74
1762711526045 0.87843 75
1762711527830 0.88095 76
1762711529624 0.88464 77
1762711531406 0.86395 78
1762711533230 0.82599 79
1762711535009 0.78867 80
1762711536817 0.8938 81
1762711538623 0.82492 82
1762711540402 0.86004 83
1762711542204 0.79407 84
1762711543998 0.79219 85
1762711545790 0.86709 86
1762711547582 0.8196 87
1762711549368 0.8604 88
1762711551162 0.80926 89
1762711552946 0.84335 90
1762711554732 0.83875 91
1762711556526 0.77938 92
1762711558321 0.80755 93
1762711560106 0.78079 94
1762711562007 0.79541 95
1762711563799 0.78154 96
1762711565629 0.80982 97
1762711567428 0.75798 98
1762711569231 0.77013 99
1762711571015 0.75154 100
1762711572805 0.75689 101
1762711574603 0.74225 102
1762711576391 0.77042 103
1762711578176 0.73956 104
1762711579970 0.74798 105
1762711581757 0.79139 106
1762711583550 0.69817 107
1762711585337 0.74162 108
1762711587142 0.70295 109
1762711588928 0.73234 110
1762711590722 0.73829 111
1762711592528 0.74915 112
1762711594334 0.68789 113
1762711596141 0.76554 114
1762711598064 0.71687 115
1762711599965 0.74502 116
1762711601781 0.73678 117
1762711603589 0.73322 118
1762711605400 0.66003 119
1762711607208 0.73416 120
1762711609021 0.71758 121
1762711610866 0.68625 122
1762711612724 0.7423 123
1762711614570 0.69768 124
1762711616424 0.70905 125
1762711618278 0.72473 126
1762711620139 0.6885 127
1762711621976 0.67819 128
1762711623822 0.67823 129
1762711625622 0.64913 130
1762711627426 0.6492 131
1762711629224 0.70961 132
1762711631058 0.73439 133
1762711632905 0.64006 134
1762711634761 0.68105 135
1762711636555 0.65429 136
1762711638451 0.69184 137
1762711640233 0.65872 138
1762711642034 0.67427 139
1762711643812 0.6488 140
1762711645618 0.64125 141
1762711647419 0.6878 142
1762711649222 0.65201 143
1762711651019 0.61588 144
1762711652812 0.67265 145
1762711654600 0.62645 146
1762711656427 0.63462 147
1762711658218 0.62335 148
1762711660012 0.67053 149
1762711661790 0.62837 150
1762711663571 0.61115 151
1762711665384 0.60794 152
1762711667195 0.63694 153
1762711668972 0.59631 154
1762711670790 0.63108 155
1762711672702 0.6251 156
1762711674480 0.64488 157
1762711676258 0.57541 158
1762711678047 0.61251 159
1762711679846 0.56936 160
1762711681635 0.55113 161
1762711683421 0.6207 162
1762711685257 0.56244 163
1762711687089 0.60479 164
1762711688886 0.58941 165
1762711690823 0.59105 166
1762711692603 0.61284 167
1762711694384 0.59313 168
1762711696196 0.58175 169
1762711697990 0.58668 170
1762711699850 0.60284 171
1762711701681 0.59266 172
1762711703486 0.62029 173
1762711705296 0.60838 174
1762711707128 0.60589 175
1762711708928 0.60453 176
1762711710851 0.60634 177
1762711712656 0.5831 178
1762711714454 0.54896 179
1762711716252 0.61061 180
1762711718068 0.56407 181
1762711719872 0.58337 182
1762711721677 0.57613 183
1762711723484 0.56685 184
1762711725311 0.54875 185
1762711727109 0.57237 186
1762711728927 0.5806 187
1762711730720 0.59083 188
1762711732551 0.59259 189
1762711734356 0.5514 190
1762711736152 0.57491 191
1762711737940 0.53903 192
1762711739737 0.52265 193
1762711741527 0.55704 194
1762711743324 0.50358 195
1762711745109 0.53797 196
1762711746905 0.57807 197
1762711748684 0.55528 198
1762711750477 0.54118 199
1762711752359 0.56577 200
1762711754154 0.55471 201
1762711755945 0.54569 202
1762711757737 0.49131 203
1762711759515 0.51584 204
1762711761305 0.55441 205
1762711763099 0.52854 206
1762711764923 0.57756 207
1762711766752 0.52942 208
1762711768542 0.53221 209
1762711770322 0.52963 210
1762711772114 0.52912 211
1762711773915 0.51753 212
1762711775696 0.49292 213
1762711777483 0.52889 214
1762711779283 0.53883 215
1762711781075 0.50797 216
1762711782869 0.52625 217
1762711784648 0.47374 218
1762711786442 0.50052 219
1762711788322 0.53991 220
1762711790114 0.49349 221
1762711791912 0.50381 222
1762711793710 0.52673 223
1762711795515 0.48301 224
1762711797347 0.52289 225
1762711799189 0.48887 226
1762711800990 0.47603 227
1762711802807 0.47174 228
1762711804668 0.46918 229
1762711806507 0.51578 230
1762711808331 0.5059 231
1762711810123 0.47595 232
1762711811930 0.49505 233
1762711813718 0.46669 234
1762711815567 0.43161 235
1762711817378 0.46079 236
1762711819208 0.49946 237
1762711821020 0.49079 238
1762711822846 0.45647 239
1762711824663 0.44621 240
1762711826498 0.42817 241
1762711828429 0.46481 242
1762711830252 0.50373 243
1762711832094 0.43161 244
1762711833926 0.45721 245
1762711835826 0.4698 246
1762711837715 0.45513 247
1762711839613 0.44452 248
1762711841478 0.45452 249
1762711843309 0.45177 250
1762711845156 0.47279 251
1762711846978 0.4195 252
1762711848824 0.42249 253
1762711850629 0.45132 254
1762711852447 0.45548 255
1762711854258 0.45186 256
1762711856101 0.42146 257
1762711857917 0.46373 258
1762711859733 0.42982 259
1762711861544 0.43434 260
1762711863344 0.44912 261
1762711865319 0.43666 262
1762711867228 0.42717 263
1762711869044 0.4297 264
1762711870873 0.43527 265
1762711872671 0.44215 266
1762711874509 0.42534 267
1762711876325 0.40028 268
1762711878122 0.42886 269
1762711879930 0.40385 270
1762711881747 0.40142 271
1762711883552 0.40071 272
1762711885372 0.40348 273
1762711887184 0.4119 274
1762711889011 0.42068 275
1762711890832 0.43295 276
1762711892642 0.41283 277
1762711894468 0.409 278
1762711896302 0.4049 279
1762711898214 0.41076 280
1762711900028 0.40244 281
1762711901842 0.3899 282
1762711903757 0.40593 283
1762711905566 0.39636 284
1762711907388 0.37746 285
1762711909198 0.40754 286
1762711911024 0.37586 287
1762711912829 0.37446 288
1762711914652 0.3785 289
1762711916873 0.29786 290
1762711918687 0.29586 291
1762711920490 0.26599 292
1762711922296 0.28011 293
1762711924074 0.26382 294
1762711925867 0.26433 295
1762711927649 0.27207 296
1762711929456 0.27508 297
1762711931275 0.28015 298
1762711933089 0.2653 299
