1762711389454 2.94951 0
1762711391337 2.34587 1
1762711393206 2.42548 2
1762711395051 2.21739 3
1762711396888 2.3296 4
1762711398783 2.27359 5
1762711400646 2.23359 6
1762711402452 2.15033 7
1762711404284 2.04949 8
1762711406095 1.87339 9
1762711407898 1.82407 10
1762711409762 1.79733 11
1762711411585 1.86862 12
1762711413482 1.79123 13
1762711415322 1.73719 14
1762711417137 1.67919 15
1762711418959 1.67146 16
1762711420785 1.64253 17
1762711422577 1.59771 18
1762711424382 1.52856 19
1762711426207 1.47463 20
1762711428051 1.42085 21
1762711429888 1.43171 22
1762711431766 1.43003 23
1762711433659 1.40549 24
1762711435465 1.40791 25
1762711437288 1.40758 26
1762711439146 1.45152 27
1762711440966 1.28151 28
1762711442806 1.24336 29
1762711444625 1.25485 30
1762711446483 1.35232 31
1762711448303 1.25386 32
1762711450217 1.26441 33
1762711452040 1.22367 34
1762711453835 1.17694 35
1762711455652 1.18053 36
1762711457513 1.20929 37
1762711459362 1.20447 38
1762711461231 1.18969 39
1762711463026 1.14264 40
1762711464930 1.03594 41
1762711466763 1.16594 42
1762711468548 1.14342 43
1762711470333 1.09499 44
1762711472116 1.06331 45
1762711473910 1.06899 46
1762711475699 1.11601 47
1762711477492 1.13541 48
1762711479271 1.05671 49
1762711481047 1.0299 50
1762711482830 1.0324 51
1762711484614 1.02122 52
1762711486497 1.02734 53
1762711488263 1.04326 54
1762711490044 1.05512 55
1762711491832 1.01422 56
1762711493614 0.97123 57
1762711495401 1.00051 58
1762711497191 0.99143 59
1762711499002 0.95996 60
1762711500863 1.0142 61
1762711502652 0.97838 62
1762711504436 0.96742 63
1762711506222 0.92844 64
1762711508035 0.9973 65
1762711509828 0.86959 66
1762711511635 0.92921 67
1762711513435 0.98783 68
1762711515223 0.8937 69
1762711517018 0.97935 70
1762711518820 0.96669 71
1762711520600 0.8734 72
1762711522496 0.96469 73
1762711524264 0.92174 74
1762711526045 0.92707 75
1762711527830 0.92264 76
1762711529624 0.88827 77
1762711531406 0.88539 78
1762711533230 0.85062 79
1762711535009 0.80486 80
1762711536817 0.91813 81
1762711538623 0.84021 82
1762711540402 0.90498 83
1762711542204 0.81103 84
1762711543998 0.81681 85
1762711545790 0.87504 86
1762711547582 0.8352 87
1762711549368 0.8619 88
1762711551162 0.83065 89
1762711552946 0.82665 90
1762711554732 0.85669 91
1762711556526 0.85173 92
1762711558321 0.8046 93
1762711560106 0.75809 94
1762711562007 0.78595 95
1762711563799 0.78942 96
1762711565629 0.805 97
1762711567428 0.76272 98
1762711569231 0.78255 99
1762711571015 0.78015 100
1762711572805 0.73367 101
1762711574603 0.75361 102
1762711576391 0.76489 103
1762711578176 0.74209 104
1762711579970 0.80072 105
1762711581757 0.7862 106
1762711583550 0.73289 107
1762711585337 0.75108 108
1762711587142 0.70928 109
1762711588928 0.77173 110
1762711590722 0.74253 111
1762711592528 0.71843 112
1762711594334 0.70697 113
1762711596141 0.73003 114
1762711598064 0.68302 115
1762711599965 0.72268 116
1762711601781 0.73008 117
1762711603589 0.70757 118
1762711605400 0.67717 119
1762711607208 0.69094 120
1762711609021 0.71431 121
1762711610866 0.68772 122
1762711612724 0.69598 123
1762711614570 0.67471 124
1762711616424 0.69053 125
1762711618278 0.68452 126
1762711620139 0.66681 127
1762711621976 0.69045 128
1762711623822 0.67455 129
1762711625622 0.65713 130
1762711627426 0.63706 131
1762711629224 0.69386 132
1762711631058 0.72032 133
1762711632905 0.64754 134
1762711634761 0.65164 135
1762711636555 0.688 136
1762711638451 0.64299 137
1762711640233 0.64106 138
1762711642034 0.65537 139
1762711643812 0.66445 140
1762711645618 0.62009 141
1762711647419 0.73825 142
1762711649222 0.65162 143
1762711651019 0.601 144
1762711652812 0.62723 145
1762711654600 0.59787 146
1762711656427 0.6256 147
1762711658218 0.58649 148
1762711660012 0.62996 149
1762711661790 0.6044 150
1762711663571 0.60421 151
1762711665384 0.60554 152
1762711667195 0.63003 153
1762711668972 0.63552 154
1762711670790 0.61136 155
1762711672702 0.64264 156
1762711674480 0.61949 157
1762711676258 0.55785 158
1762711678047 0.61469 159
1762711679846 0.57207 160
1762711681635 0.54822 161
1762711683421 0.57591 162
1762711685257 0.55788 163
1762711687089 0.58434 164
1762711688886 0.57992 165
1762711690823 0.59036 166
1762711692603 0.55912 167
1762711694384 0.57887 168
1762711696196 0.56444 169
1762711697990 0.54755 170
1762711699850 0.58472 171
1762711701681 0.58495 172
1762711703486 0.57412 173
1762711705296 0.61281 174
1762711707128 0.59586 175
1762711708928 0.60148 176
1762711710851 0.57581 177
1762711712656 0.55943 178
1762711714454 0.56615 179
1762711716252 0.5965 180
1762711718068 0.54068 181
1762711719872 0.55001 182
1762711721677 0.56099 183
1762711723484 0.54454 184
1762711725311 0.52691 185
1762711727109 0.5983 186
1762711728927 0.58053 187
1762711730720 0.5499 188
1762711732551 0.56826 189
1762711734356 0.54391 190
1762711736152 0.5433 191
1762711737940 0.55886 192
1762711739737 0.49345 193
1762711741527 0.52072 194
1762711743324 0.5166 195
1762711745109 0.54561 196
1762711746905 0.51621 197
1762711748684 0.54338 198
1762711750477 0.52343 199
1762711752359 0.56096 200
1762711754154 0.55342 201
1762711755945 0.54542 202
1762711757737 0.48834 203
1762711759515 0.51617 204
1762711761305 0.5549 205
1762711763099 0.52596 206
1762711764923 0.56092 207
1762711766752 0.50975 208
1762711768542 0.51024 209
1762711770322 0.5165 210
1762711772114 0.50109 211
1762711773915 0.51009 212
1762711775696 0.46334 213
1762711777483 0.50909 214
1762711779283 0.50762 215
1762711781075 0.45947 216
1762711782869 0.52354 217
1762711784648 0.45717 218
1762711786442 0.46475 219
1762711788322 0.51106 220
1762711790114 0.47273 221
1762711791912 0.49106 222
1762711793710 0.51372 223
1762711795515 0.48435 224
1762711797347 0.52127 225
1762711799189 0.4911 226
1762711800990 0.47786 227
1762711802807 0.47042 228
1762711804668 0.45217 229
1762711806507 0.47873 230
1762711808331 0.48134 231
1762711810123 0.43615 232
1762711811930 0.45458 233
1762711813718 0.43445 234
1762711815567 0.43974 235
1762711817378 0.44459 236
1762711819208 0.46695 237
1762711821020 0.47325 238
1762711822846 0.44641 239
1762711824663 0.44629 240
1762711826498 0.42141 241
1762711828429 0.45916 242
1762711830252 0.49645 243
1762711832094 0.41275 244
1762711833926 0.4394 245
1762711835826 0.45198 246
1762711837715 0.44448 247
1762711839613 0.43495 248
1762711841478 0.4513 249
1762711843309 0.42408 250
1762711845156 0.43929 251
1762711846978 0.42136 252
1762711848824 0.41613 253
1762711850629 0.44664 254
1762711852447 0.43241 255
1762711854258 0.42682 256
1762711856101 0.43402 257
1762711857917 0.43243 258
1762711859733 0.41645 259
1762711861544 0.42895 260
1762711863344 0.47811 261
1762711865319 0.4399 262
1762711867228 0.41789 263
1762711869044 0.45231 264
1762711870873 0.4457 265
1762711872671 0.41694 266
1762711874509 0.40647 267
1762711876325 0.39863 268
1762711878122 0.43322 269
1762711879930 0.40305 270
1762711881747 0.37231 271
1762711883552 0.38772 272
1762711885372 0.37767 273
1762711887184 0.4234 274
1762711889011 0.41275 275
1762711890832 0.42685 276
1762711892642 0.3961 277
1762711894468 0.3875 278
1762711896302 0.40075 279
1762711898214 0.42319 280
1762711900028 0.40528 281
1762711901842 0.37962 282
1762711903757 0.41214 283
1762711905566 0.39124 284
1762711907388 0.38346 285
1762711909198 0.41836 286
1762711911024 0.36873 287
1762711912829 0.34835 288
1762711914652 0.38985 289
1762711916873 0.30637 290
1762711918687 0.28676 291
1762711920490 0.26482 292
1762711922296 0.26435 293
1762711924074 0.24601 294
1762711925867 0.25213 295
1762711927649 0.25663 296
1762711929456 0.25877 297
1762711931275 0.24882 298
1762711933089 0.24297 299
