1762711389454 1.72729 0
1762711391337 1.54761 1
1762711393206 1.61685 2
1762711395051 1.63429 3
1762711396888 1.6809 4
1762711398783 1.74081 5
1762711400646 1.72122 6
1762711402452 1.76452 7
1762711404284 1.7488 8
1762711406095 1.69392 9
1762711407898 1.67795 10
1762711409762 1.6275 11
1762711411585 1.70655 12
1762711413482 1.65115 13
1762711415322 1.64272 14
1762711417137 1.59133 15
1762711418959 1.59014 16
1762711420785 1.61121 17
1762711422577 1.55002 18
1762711424382 1.53353 19
1762711426207 1.52093 20
1762711428051 1.51164 21
1762711429888 1.50241 22
1762711431766 1.54246 23
1762711433659 1.48574 24
1762711435465 1.48492 25
1762711437288 1.46292 26
1762711439146 1.47806 27
1762711440966 1.42548 28
1762711442806 1.3879 29
1762711444625 1.41404 30
1762711446483 1.46576 31
1762711448303 1.45211 32
1762711450217 1.37884 33
1762711452040 1.39973 34
1762711453835 1.39528 35
1762711455652 1.41231 36
1762711457513 1.41595 37
1762711459362 1.36938 38
1762711461231 1.38262 39
1762711463026 1.37468 40
1762711464930 1.29296 41
1762711466763 1.36638 42
1762711468548 1.33764 43
1762711470333 1.3091 44
1762711472116 1.31921 45
1762711473910 1.31221 46
1762711475699 1.32119 47
1762711477492 1.38314 48
1762711479271 1.30754 49
1762711481047 1.27382 50
1762711482830 1.31136 51
1762711484614 1.27137 52
1762711486497 1.27015 53
1762711488263 1.28301 54
1762711490044 1.29314 55
1762711491832 1.26588 56
1762711493614 1.26105 57
1762711495401 1.26376 58
1762711497191 1.29725 59
1762711499002 1.23147 60
1762711500863 1.2967 61
1762711502652 1.2629 62
1762711504436 1.24655 63
1762711506222 1.23089 64
1762711508035 1.26349 65
1762711509828 1.19803 66
1762711511635 1.2432 67
1762711513435 1.28443 68
1762711515223 1.23654 69
1762711517018 1.23026 70
1762711518820 1.26104 71
1762711520600 1.21915 72
1762711522496 1.24794 73
1762711524264 1.24738 74
1762711526045 1.23345 75
1762711527830 1.23071 76
1762711529624 1.26729 77
1762711531406 1.22859 78
1762711533230 1.1989 79
1762711535009 1.17723 80
1762711536817 1.23269 81
1762711538623 1.18145 82
1762711540402 1.22048 83
1762711542204 1.15248 84
1762711543998 1.18917 85
1762711545790 1.21965 86
1762711547582 1.19516 87
1762711549368 1.23013 88
1762711551162 1.16713 89
1762711552946 1.24072 90
1762711554732 1.20768 91
1762711556526 1.16658 92
1762711558321 1.18531 93
1762711560106 1.16221 94
1762711562007 1.1971 95
1762711563799 1.16432 96
1762711565629 1.18477 97
1762711567428 1.14979 98
1762711569231 1.15547 99
1762711571015 1.13586 100
1762711572805 1.164 101
1762711574603 1.17628 102
1762711576391 1.17479 103
1762711578176 1.14448 104
1762711579970 1.156 105
1762711581757 1.18647 106
1762711583550 1.12472 107
1762711585337 1.15487 108
1762711587142 1.11177 109
1762711588928 1.14291 110
1762711590722 1.15406 111
1762711592528 1.16465 112
1762711594334 1.10797 113
1762711596141 1.15858 114
1762711598064 1.11471 115
1762711599965 1.13869 116
1762711601781 1.14173 117
1762711603589 1.13577 118
1762711605400 1.09884 119
1762711607208 1.14003 120
1762711609021 1.14988 121
1762711610866 1.10782 122
1762711612724 1.13116 123
1762711614570 1.12355 124
1762711616424 1.11625 125
1762711618278 1.12373 126
1762711620139 1.10576 127
1762711621976 1.08383 128
1762711623822 1.0924 129
1762711625622 1.08319 130
1762711627426 1.11268 131
1762711629224 1.16003 132
1762711631058 1.12814 133
1762711632905 1.08735 134
1762711634761 1.09941 135
1762711636555 1.08529 136
1762711638451 1.10358 137
1762711640233 1.09267 138
1762711642034 1.08889 139
1762711643812 1.08966 140
1762711645618 1.09899 141
1762711647419 1.10784 142
1762711649222 1.09965 143
1762711651019 1.06615 144
1762711652812 1.10426 145
1762711654600 1.06939 146
1762711656427 1.08097 147
1762711658218 1.06646 148
1762711660012 1.10221 149
1762711661790 1.06166 150
1762711663571 1.076 151
1762711665384 1.07531 152
1762711667195 1.07758 153
1762711668972 1.08542 154
1762711670790 1.08165 155
1762711672702 1.08329 156
1762711674480 1.07518 157
1762711676258 1.0423 158
1762711678047 1.07713 159
1762711679846 1.04864 160
1762711681635 1.02866 161
1762711683421 1.06153 162
1762711685257 1.05152 163
1762711687089 1.07726 164
1762711688886 1.06157 165
1762711690823 1.07314 166
1762711692603 1.08612 167
1762711694384 1.07026 168
1762711696196 1.05556 169
1762711697990 1.07125 170
1762711699850 1.07669 171
1762711701681 1.06717 172
1762711703486 1.07209 173
1762711705296 1.07524 174
1762711707128 1.07431 175
1762711708928 1.06444 176
1762711710851 1.08099 177
1762711712656 1.04453 178
1762711714454 1.04757 179
1762711716252 1.0653 180
1762711718068 1.06233 181
1762711719872 1.04699 182
1762711721677 1.04409 183
1762711723484 1.04867 184
1762711725311 1.04775 185
1762711727109 1.05323 186
1762711728927 1.03256 187
1762711730720 1.06073 188
1762711732551 1.06437 189
1762711734356 1.05307 190
1762711736152 1.05524 191
1762711737940 1.03526 192
1762711739737 1.00966 193
1762711741527 1.03296 194
1762711743324 1.0214 195
1762711745109 1.03252 196
1762711746905 1.04862 197
1762711748684 1.05603 198
1762711750477 1.02039 199
1762711752359 1.05896 200
1762711754154 1.04336 201
1762711755945 1.02509 202
1762711757737 1.00327 203
1762711759515 1.02644 204
1762711761305 1.05127 205
1762711763099 1.02898 206
1762711764923 1.05705 207
1762711766752 1.03853 208
1762711768542 1.04318 209
1762711770322 1.0308 210
1762711772114 1.02953 211
1762711773915 1.02032 212
1762711775696 1.02017 213
1762711777483 1.0109 214
1762711779283 1.02346 215
1762711781075 1.02299 216
1762711782869 1.03284 217
1762711784648 1.00383 218
1762711786442 1.02139 219
1762711788322 1.02405 220
1762711790114 1.00934 221
1762711791912 1.00634 222
1762711793710 1.03413 223
1762711795515 1.00277 224
1762711797347 1.03749 225
1762711799189 1.02203 226
1762711800990 0.99508 227
1762711802807 0.99851 228
1762711804668 0.99637 229
1762711806507 1.01555 230
1762711808331 1.02343 231
1762711810123 1.01663 232
1762711811930 0.99846 233
1762711813718 0.99774 234
1762711815567 0.99243 235
1762711817378 0.98925 236
1762711819208 1.00771 237
1762711821020 1.02871 238
1762711822846 0.98618 239
1762711824663 1.00149 240
1762711826498 0.97263 241
1762711828429 1.00582 242
1762711830252 1.01187 243
1762711832094 0.97389 244
1762711833926 0.98693 245
1762711835826 0.99679 246
1762711837715 0.98577 247
1762711839613 0.98061 248
1762711841478 0.9955 249
1762711843309 0.98902 250
1762711845156 1.00851 251
1762711846978 0.99457 252
1762711848824 0.97537 253
1762711850629 1.01172 254
1762711852447 0.99715 255
1762711854258 0.96667 256
1762711856101 0.97985 257
1762711857917 0.99625 258
1762711859733 0.97902 259
1762711861544 0.99299 260
1762711863344 0.98925 261
1762711865319 0.9906 262
1762711867228 0.98095 263
1762711869044 0.98102 264
1762711870873 0.97546 265
1762711872671 0.97947 266
1762711874509 0.96579 267
1762711876325 0.95065 268
1762711878122 0.96738 269
1762711879930 0.97008 270
1762711881747 0.95618 271
1762711883552 0.97136 272
1762711885372 0.95173 273
1762711887184 0.97039 274
1762711889011 0.97921 275
1762711890832 0.98419 276
1762711892642 0.96811 277
1762711894468 0.97294 278
1762711896302 0.9705 279
1762711898214 0.97217 280
1762711900028 0.97258 281
1762711901842 0.95921 282
1762711903757 0.96731 283
1762711905566 0.96106 284
1762711907388 0.95941 285
1762711909198 0.97164 286
1762711911024 0.9581 287
1762711912829 0.96043 288
1762711914652 0.94871 289
1762711916873 0.90105 290
1762711918687 0.91043 291
1762711920490 0.87393 292
1762711922296 0.89299 293
1762711924074 0.87727 294
1762711925867 0.87686 295
1762711927649 0.90952 296
1762711929456 0.89296 297
1762711931275 0.89458 298
1762711933089 0.88296 299
